value,technician
New Work Item 1,Chendrayan Venkatesan
New Work Item 2,Chendrayan Venkatesan
New Work Item 3,Chendrayan Venkatesan
New Work Item 4,Chendrayan Venkatesan
New Work Item 5,Chendrayan Venkatesan
New Work Item 6,Chendrayan Venkatesan
New Work Item 7,Chendrayan Venkatesan
New Work Item 8,Chendrayan Venkatesan
New Work Item 9,Chendrayan Venkatesan
New Work Item 10,Chendrayan Venkatesan
